Grid 01
0 0 3 0 2 0 6 0 0
9 0 0 3 0 5 0 0 1
0 0 1 8 0 6 4 0 0
0 0 8 1 0 2 9 0 0
7 0 0 0 0 0 0 0 8
0 0 6 7 0 8 2 0 0
0 0 2 6 0 9 5 0 0
8 0 0 2 0 3 0 0 9
0 0 5 0 1 0 3 0 0
Grid 02
2 0 0 0 8 0 3 0 0
0 6 0 0 7 0 0 8 4
0 3 0 5 0 0 2 0 9
0 0 0 1 0 5 4 0 8
0 0 0 0 0 0 0 0 0
4 0 2 7 0 6 0 0 0
3 0 1 0 0 7 0 4 0
7 2 0 0 4 0 0 6 0
0 0 4 0 1 0 0 0 3
Grid 03
0 0 0 0 0 0 9 0 7
0 0 0 4 2 0 1 8 0
0 0 0 7 0 5 0 2 6
1 0 0 9 0 4 0 0 0
0 5 0 0 0 0 0 4 0
0 0 0 5 0 7 0 0 9
9 2 0 1 0 8 0 0 0
0 3 4 0 5 9 0 0 0
5 0 7 0 0 0 0 0 0
Grid 04
0 3 0 0 5 0 0 4 0
0 0 8 0 1 0 5 0 0
4 6 0 0 0 0 0 1 2
0 7 0 5 0 2 0 8 0
0 0 0 6 0 3 0 0 0
0 4 0 1 0 9 0 3 0
2 5 0 0 0 0 0 9 8
0 0 1 0 2 0 6 0 0
0 8 0 0 6 0 0 2 0
Grid 05
0 2 0 8 1 0 7 4 0
7 0 0 0 0 3 1 0 0
0 9 0 0 0 2 8 0 5
0 0 9 0 4 0 0 8 7
4 0 0 2 0 8 0 0 3
1 6 0 0 3 0 2 0 0
3 0 2 7 0 0 0 6 0
0 0 5 6 0 0 0 0 8
0 7 6 0 5 1 0 9 0
Grid 06
1 0 0 9 2 0 0 0 0
5 2 4 0 1 0 0 0 0
0 0 0 0 0 0 0 7 0
0 5 0 0 0 8 1 0 2
0 0 0 0 0 0 0 0 0
4 0 2 7 0 0 0 9 0
0 6 0 0 0 0 0 0 0
0 0 0 0 3 0 9 4 5
0 0 0 0 7 1 0 0 6
Grid 07
0 4 3 0 8 0 2 5 0
6 0 0 0 0 0 0 0 0
0 0 0 0 0 1 0 9 4
9 0 0 0 0 4 0 7 0
0 0 0 6 0 8 0 0 0
0 1 0 2 0 0 0 0 3
8 2 0 5 0 0 0 0 0
0 0 0 0 0 0 0 0 5
0 3 4 0 9 0 7 1 0
Grid 08
4 8 0 0 0 6 9 0 2
0 0 2 0 0 8 0 0 1
9 0 0 3 7 0 0 6 0
8 4 0 0 1 0 2 0 0
0 0 3 7 0 4 1 0 0
0 0 1 0 6 0 0 4 9
0 2 0 0 8 5 0 0 7
7 0 0 9 0 0 6 0 0
6 0 9 2 0 0 0 1 8
Grid 09
0 0 0 9 0 0 0 0 2
0 5 0 1 2 3 4 0 0
0 3 0 0 0 0 1 6 0
9 0 8 0 0 0 0 0 0
0 7 0 0 0 0 0 9 0
0 0 0 0 0 0 2 0 5
0 9 1 0 0 0 0 5 0
0 0 7 4 3 9 0 2 0
4 0 0 0 0 7 0 0 0
Grid 10
0 0 1 9 0 0 0 0 3
9 0 0 7 0 0 1 6 0
0 3 0 0 0 5 0 0 7
0 5 0 0 0 0 0 0 9
0 0 4 3 0 2 6 0 0
2 0 0 0 0 0 0 7 0
6 0 0 1 0 0 0 3 0
0 4 2 0 0 7 0 0 6
5 0 0 0 0 6 8 0 0
Grid 11
0 0 0 1 2 5 4 0 0
0 0 8 4 0 0 0 0 0
4 2 0 8 0 0 0 0 0
0 3 0 0 0 0 0 9 5
0 6 0 9 0 2 0 1 0
5 1 0 0 0 0 0 6 0
0 0 0 0 0 3 0 4 9
0 0 0 0 0 7 2 0 0
0 0 1 2 9 8 0 0 0
Grid 12
0 6 2 3 4 0 7 5 0
1 0 0 0 0 5 6 0 0
5 7 0 0 0 0 0 4 0
0 0 0 0 9 4 8 0 0
4 0 0 0 0 0 0 0 6
0 0 5 8 3 0 0 0 0
0 3 0 0 0 0 0 9 1
0 0 6 4 0 0 0 0 7
0 5 9 0 8 3 2 6 0
Grid 13
3 0 0 0 0 0 0 0 0
0 0 5 0 0 9 0 0 0
2 0 0 5 0 4 0 0 0
0 2 0 0 0 0 7 0 0
1 6 0 0 0 0 0 5 8
7 0 4 3 1 0 6 0 0
0 0 0 8 9 0 1 0 0
0 0 0 0 6 7 0 8 0
0 0 0 0 0 5 4 3 7
Grid 14
6 3 0 0 0 0 0 0 0
0 0 0 5 0 0 0 0 8
0 0 5 6 7 4 0 0 0
0 0 0 0 2 0 0 0 0
0 0 3 4 0 1 0 2 0
0 0 0 0 0 0 3 4 5
0 0 0 0 0 7 0 0 4
0 8 0 3 0 0 9 0 2
9 4 7 1 0 0 0 8 0
Grid 15
0 0 0 0 2 0 0 4 0
0 0 8 0 3 5 0 0 0
0 0 0 0 7 0 6 0 2
0 3 1 0 4 6 9 7 0
2 0 0 0 0 0 0 0 0
0 0 0 5 0 1 2 0 3
0 4 9 0 0 0 7 3 0
0 0 0 0 0 0 0 1 0
8 0 0 0 0 4 0 0 0
Grid 16
3 6 1 0 2 5 9 0 0
0 8 0 9 6 0 0 1 0
4 0 0 0 0 0 0 5 7
0 0 8 0 0 0 4 7 1
0 0 0 6 0 3 0 0 0
2 5 9 0 0 0 8 0 0
7 4 0 0 0 0 0 0 5
0 2 0 0 1 8 0 6 0
0 0 5 4 7 0 3 2 9
Grid 17
0 5 0 8 0 7 0 2 0
6 0 0 0 1 0 0 9 0
7 0 2 5 4 0 0 0 6
0 7 0 0 2 0 3 0 1
5 0 4 0 0 0 9 0 8
1 0 3 0 8 0 0 7 0
9 0 0 0 7 6 2 0 5
0 6 0 0 9 0 0 0 3
0 8 0 1 0 3 0 4 0
Grid 18
0 8 0 0 0 5 0 0 0
0 0 0 0 0 3 4 5 7
0 0 0 0 7 0 8 0 9
0 6 0 4 0 0 9 0 3
0 0 7 0 1 0 5 0 0
4 0 8 0 0 7 0 2 0
9 0 1 0 2 0 0 0 0
8 4 2 3 0 0 0 0 0
0 0 0 1 0 0 0 8 0
Grid 19
0 0 3 5 0 2 9 0 0
0 0 0 0 4 0 0 0 0
1 0 6 0 0 0 3 0 5
9 0 0 2 5 1 0 0 8
0 7 0 4 0 8 0 3 0
8 0 0 7 6 3 0 0 1
3 0 8 0 0 0 1 0 4
0 0 0 0 2 0 0 0 0
0 0 5 1 0 4 8 0 0
Grid 20
0 0 0 0 0 0 0 0 0
0 0 9 8 0 5 1 0 0
0 5 1 9 0 7 4 2 0
2 9 0 4 0 1 0 6 5
0 0 0 0 0 0 0 0 0
1 4 0 5 0 8 0 9 3
0 2 6 7 0 9 5 8 0
0 0 5 1 0 3 6 0 0
0 0 0 0 0 0 0 0 0
Grid 21
020030090
000907000
900208005
004806500
607000208
003102900
800605007
000309000
030020050
Grid 22
005000006
070009020
000500107
804150000
000803000
000092805
907006000
030400010
200000600
Grid 23
040000050
001943600
009000300
600050002
103000506
800020007
005000200
002436700
030000040
Grid 24
004000000
000030002
390700080
400009001
209801307
600200008
010008053
900040000
000000800
Grid 25
360020089
000361000
000000000
803000602
400603007
607000108
000000000
000418000
970030014
Grid 26
500400060
009000800
640020000
000001008
208000501
700500000
000090084
003000600
060003002
Grid 27
007256400
400000005
010030060
000508000
008060200
000107000
030070090
200000004
006312700
Grid 28
000000000
079050180
800000007
007306800
450708096
003502700
700000005
016030420
000000000
Grid 29
030000080
009000500
007509200
700105008
020090030
900402001
004207100
002000800
070000090
Grid 30
200170603
050000100
000006079
000040700
000801000
009050000
310400000
005000060
906037002
Grid 31
000000080
800701040
040020030
374000900
000030000
005000321
010060050
050802006
080000000
Grid 32
000000085
000210009
960080100
500800016
000000000
890006007
009070052
300054000
480000000
Grid 33
608070502
050608070
002000300
500090006
040302050
800050003
005000200
010704090
409060701
Grid 34
050010040
107000602
000905000
208030501
040070020
901080406
000401000
304000709
020060010
Grid 35
053000790
009753400
100000002
090080010
000907000
080030070
500000003
007641200
061000940
Grid 36
006080300
049070250
000405000
600317004
007000800
100826009
000702000
075040190
003090600
Grid 37
005080700
700204005
320000084
060105040
008000500
070803010
450000091
600508007
003010600
Grid 38
000900800
128006400
070800060
800430007
500000009
600079008
090004010
003600284
001007000
Grid 39
000080000
270000054
095000810
009806400
020403060
006905100
017000620
460000038
000090000
Grid 40
000602000
400050001
085010620
038206710
000000000
019407350
026040530
900020007
000809000
Grid 41
000900002
050123400
030000160
908000000
070000090
000000205
091000050
007439020
400007000
Grid 42
380000000
000400785
009020300
060090000
800302009
000040070
001070500
495006000
000000092
Grid 43
000158000
002060800
030000040
027030510
000000000
046080790
050000080
004070100
000325000
Grid 44
010500200
900001000
002008030
500030007
008000500
600080004
040100700
000700006
003004050
Grid 45
080000040
000469000
400000007
005904600
070608030
008502100
900000005
000781000
060000010
Grid 46
904200007
010000000
000706500
000800090
020904060
040002000
001607000
000000030
300005702
Grid 47
000700800
006000031
040002000
024070000
010030080
000060290
000800070
860000500
002006000
Grid 48
001007090
590080001
030000080
000005800
050060020
004100000
080000030
100020079
020700400
Grid 49
000003017
015009008
060000000
100007000
009000200
000500004
000000020
500600340
340200000
Grid 50
300200000
000107000
706030500
070009080
900020004
010800050
009040301
000702000
000008006
Grid 51
0 0 0 0 4 6 5 0 0
0 0 0 0 0 0 9 0 0
0 0 6 0 0 3 0 2 0
0 0 3 0 8 0 0 0 0
0 0 0 4 0 9 0 8 0
0 9 0 0 0 0 0 6 0
7 0 0 0 9 0 0 0 5
2 4 0 8 1 0 0 0 0
0 5 0 0 3 0 0 0 0 